1 40 43 2 1 1 800 2000 0 0 
1 14 15 0 0 0 800 2000 0 0 
1 25 26 2 1 0 800 2000 0 0 
1 9 10 1 1 1 800 2000 0 0 
1 46 47 0 0 0 800 2000 0 0 
1 44 47 2 1 1 800 2000 0 0 
1 33 34 2 1 0 800 2000 0 0 
1 42 7 3 1 0 800 2000 0 0 
1 5 6 1 1 1 800 2000 0 0 
1 21 22 1 1 0 800 2000 0 0 
1 4 29 3 1 1 800 2000 0 0 
1 41 20 3 1 1 800 2000 0 0 
1 24 25 0 0 0 800 2000 0 0 
1 38 39 0 0 1 800 2000 0 0 
1 0 3 1 1 0 800 2000 0 0 
1 11 32 3 1 0 800 2000 0 0 
1 16 17 0 0 1 800 2000 0 0 
1 0 1 0 0 1 800 2000 0 0 
1 37 38 2 1 1 800 2000 0 0 
1 16 19 1 1 0 800 2000 0 0 
1 12 15 1 1 1 800 2000 0 0 
1 35 30 3 1 1 800 2000 0 0 
1 8 23 3 1 0 800 2000 0 0 
1 28 31 2 1 0 800 2000 0 0 
