1 42 43 0 0 800 2000 0 0 
1 10 3 3 1 800 2000 0 0 
1 33 34 2 1 800 2000 0 0 
1 6 7 0 0 800 2000 0 0 
1 17 18 1 1 800 2000 0 0 
1 41 8 3 1 800 2000 0 0 
1 26 27 0 0 800 2000 0 0 
1 38 11 3 1 800 2000 0 0 
1 25 26 2 1 800 2000 0 0 
1 1 2 1 1 800 2000 0 0 
1 8 9 0 0 800 2000 0 0 
1 47 6 3 1 800 2000 0 0 
1 32 33 0 0 800 2000 0 0 
1 44 47 2 1 800 2000 0 0 
1 18 19 0 0 800 2000 0 0 
1 40 43 2 1 800 2000 0 0 
1 22 45 3 1 800 2000 0 0 
1 28 23 3 1 800 2000 0 0 
1 36 37 0 0 800 2000 0 0 
1 0 1 0 0 800 2000 0 0 
1 2 21 3 1 800 2000 0 0 
1 30 31 0 0 800 2000 0 0 
1 17 36 3 1 800 2000 0 0 
1 37 38 2 1 800 2000 0 0 
1 35 16 3 1 800 2000 0 0 
1 14 15 0 0 800 2000 0 0 
1 13 4 3 1 800 2000 0 0 
1 44 45 0 0 800 2000 0 0 
1 25 12 3 1 800 2000 0 0 
1 20 23 1 1 800 2000 0 0 
1 12 15 1 1 800 2000 0 0 
1 20 21 0 0 800 2000 0 0 
1 28 31 2 1 800 2000 0 0 
1 5 32 3 1 800 2000 0 0 
1 9 10 1 1 800 2000 0 0 
1 4 7 1 1 800 2000 0 0 
