1 40 41 0 0 800 2000 0 0 
1 9 40 3 1 800 2000 0 0 
1 32 35 2 1 800 2000 0 0 
1 4 5 0 0 800 2000 0 0 
1 16 19 1 1 800 2000 0 0 
1 42 31 3 1 800 2000 0 0 
1 24 25 0 0 800 2000 0 0 
1 37 26 3 1 800 2000 0 0 
1 24 27 2 1 800 2000 0 0 
1 0 3 1 1 800 2000 0 0 
1 10 11 0 0 800 2000 0 0 
1 44 43 3 1 800 2000 0 0 
1 34 35 0 0 800 2000 0 0 
1 45 46 2 1 800 2000 0 0 
1 16 17 0 0 800 2000 0 0 
1 41 42 2 1 800 2000 0 0 
1 20 19 3 1 800 2000 0 0 
1 30 23 3 1 800 2000 0 0 
1 38 39 0 0 800 2000 0 0 
1 2 3 0 0 800 2000 0 0 
1 1 6 3 1 800 2000 0 0 
1 28 29 0 0 800 2000 0 0 
1 18 15 3 1 800 2000 0 0 
1 36 39 2 1 800 2000 0 0 
1 33 8 3 1 800 2000 0 0 
1 12 13 0 0 800 2000 0 0 
1 14 21 3 1 800 2000 0 0 
1 46 47 0 0 800 2000 0 0 
1 27 12 3 1 800 2000 0 0 
1 21 22 1 1 800 2000 0 0 
1 13 14 1 1 800 2000 0 0 
1 22 23 0 0 800 2000 0 0 
1 29 30 2 1 800 2000 0 0 
1 7 32 3 1 800 2000 0 0 
1 8 11 1 1 800 2000 0 0 
1 5 6 1 1 800 2000 0 0 
